541512
541511
51913
454110
5416
334111
33399
518210
541519
541330
5415
561330
54151
5419
541618
541613
334220
54199
621340
5613
541990
511210
541513
561320
621210
54133
336111
541611
334412
517311
541310
523920
622110
621112
611310
481111
32541
522210
45411
33441
33611
551112
512131
44422
512110
511199
541714
522320
333415
334118
54171
51121
33641
6221
515210
541720
515120
33341
23622
524114
541211
62111
524130
541614
311920
4231
326150
333111
54161
621111
115210
5312
54131
541110
33636
4422
311991
334413
523110
523120
3361
51791
334290
5417
339115
221121
334516
562111
332119
423810
45231
335210
33422
611420
3254
6113
425120
335314
112920
3399
524113
519130
51919
525990
52311
923130
72111
424210
452210
561599
325311
221310
336411
33999
33911
54111
523930
5191
541840
333314
42343
333413
524126
311422
33621
561612
51511
3363
519190
325411
45399
6214
561510
33431
51119
448150
334519
524210
517312
54169
5241
522110
315211
325412
237120
333995
32512
45221
425110
311111
238210
2111
621492
238120
611110
3162
31621
51111
334418
611610
522292
326211
522310
312111
441310
5418
56133
92115
336360
334510
237210
54189
332322
326140
621511
551111
54121
33632
721110
624190
3261
332991
484121
621999
331313
541214
492110
52321
423120
3339
33599
61131
523210
812199
522291
423390
238910
221114
236220
237990
423450
811211
541910
541715
524292
423610
52392
3332
336120
33631
4451
335929
336412
32711
339112
311999
541410
3342
5239
52399
324110
447110
812191
561621
52421
3121
32519
334112
515111
6211
446110
531390
3344
446120
325414
334419
621420
423430
711310
423920
4539
32721
49319
622310
813212
541213
53139
523910
311511
561439
51821
541940
332996
813110
522220
51512
237130
22111
3359
611710
52411
561499
524298
541810
323111
55111
517919
213112
221210
3341
42511
453910
62134
32511
33451
332117
713940
5412
339940
522298
541820
52213
541713
561311
332710
336320
541870
315220
512199
33111
334310
333242
423860
448310
7139
4512
22112
4236
5112
311611
443141
332613
61171
2362
811310
62211
312112
325320
62151
519110
33639
11299
33291
53131
926130
448140
53113
423990
561110
445120
6219
512191
336370
522390
922160
52232
621491
488320
442110
337121
541320
32561
334210
56145
52599
327420
339920
52413
3273
31141
517911
921150
512230
525910
337214
339113
541620
454111
56131
488119
522130
551114
521110
237310
541612
541219
611630
333120
541380
32619
3252
813211
523999
332999
611691
31212
3336
31194
532310
52312
423690
444110
311821
611410
336212
561440
621610
311230
6116
33299
621310
6117
333922
322220
6223
531312
56199
337211
423830
522190
4481
21112
335311
333994
52429
488111
325998
52211
81399
325211
3113
541490
335121
42393
331221
441110
812332
333249
62121
523140
92311
423490
312230
52231
519120
541690
5413
3253
423730
423620
6216
321911
331210
54191
334511
531130
441120
445299
326199
238290
711510
333618
541890
5223
44611
481112
332510
62422
813920
611430
48849
482111
3391
33699
53211
423310
522293
2361
339999
334417
331492
3151
621320
325620
3152
722513
322121
42391
624410
424910
452311
5414
32212
5182
523130
31199
712110
221122
332312
335129
312130
333914
5111
61111
333132
51211
62399
451120
515112
42499
334515
56159
322211
4248
334512
511110
31524
333999
713990
339910
451110
5615
333993
531210
517410
423130
3334
561910
54162
445310
532112
531320
541370
33121
32121
336390
424710
42399
44613
448120
31412
453920
42441
813910
621330
722310
54182
332420
492210
531110
92314
333991
5222
4921
924110
336991
921140
813319
611620
335122
332913
424310
5614
453210
621498
532412
51731
5122
445110
236210
333414
624120
323117
336112
541350
512290
335313
813311
62331
81331
326160
923120
443142
5242
332439
52229
56162
922140
332992
331110
32614
112120
42345
44511
221115
52412
921130
623110
5231
62161
423940
488510
54138
326122
2381
423930
423720
325510
541860
33721
446130
621910
3251
423420
325413
71132
311813
236115
238340
62139
31123
333924
52391
327992
511130
531311
54194
3323
51911
811198
32552
6212
31323
3272
325110
339114
3119
541420
336612
488190
325199
333511
3159
423840
336350
332994
42383
33633
237110
424130
333514
424450
424410
335312
923110
6111
33411
44229
49211
525190
611210
311411
335911
48599
423320
448210
311612
522294
336310
44512
6215
4234
3352
42392
31599
48899
541191
525110
44132
3351
621512
2211
561431
5259
54119
423110
42322
6241
33272
337110
424820
221118
541830
336330
81222
713290
316210
335999
493130
5313
42421
54172
48851
561520
541360
622210
53249
44612
452319
61163
482112
6213
531190
333519
3311
441228
446191
32551
71141
483112
442299
56111
92119
523991
926150
332812
31111
624110
561450
3345
722511
533110
31171
5179
325193
336340
321219
813312
336999
52393
23799
33651
72119
4413
71131
624229
52239
561920
23611
81299
532120
332410
3231
3259
333921
481211
21223
3329
334513
621410
48211
2373
313220
112210
21232
332912
62322
4241
3262
493110
326112
5511
331315
221111
212230
334514
44819
5121
236117
334517
541430
71211
238310
33531
524128
2389
42447
333996
922120
339116
532289
72112
336413
927110
423910
444130
32412
33993
5174
44314
33429
31191
238220
333992
331513
624310
61169
92711
484122
7223
33331
54181
423210
721120
532490
812112
42482
56149
531120
5616
4885
448110
31521
3331
211120
511120
424330
624230
9211
11511
44211
325920
334416
33391
921190
314110
611699
4421
62149
423510
33522
333517
713910
315240
541340
221112
481212
33461
48839
333318
3114
453110
448130
525120
4243
53221
42442
221320
326113
238150
1119
332911
236118
923140
331529
23899
444190
561730
4246
314120
621399
335912
54141
331318
33591
52313
9231
313230
517910
314999
33324
424690
333316
42342
488410
561710
813940
92312
624210
423440
311911
42432
33131
812930
238160
561312
53121
424420
23819
31151
512250
315280
327991
811111
493190
331524
221113
45111
56179
423820
311119
311615
238140
332919
524291
454210
311423
4239
31161
56141
335110
424990
541199
813410
711211
925120
71399
4889
623311
332321
339950
32518
32199
3353
32419
623210
238320
238350
445291
48412
42351
61151
561210
448320
4411
311352
31528
333131
33351
811121
23822
321912
311812
62311
42339
337910
52222
454310
213113
312120
311710
332311
321211
42433
484220
312140
11141
722320
52512
311514
42492
722515
21229
236116
486910
213111
711219
325130
33661
483111
315210
311520
811219
33241
333611
423330
92113
331410
486210
45431
31135
44812
331314
812990
311513
333912
921120
111339
31131
61161
111419
324122
541922
721199
54132
447190
51114
324191
42312
33612
5321
4461
2212
611512
448190
71329
31499
311412
54184
325612
81311
337215
326299
525920
424490
33521
4431
238110
4244
921110
4841
7111
81111
311824
62221
811192
33994
522120
4238
4541
561720
311919
33271
337127
327410
92612
813990
5411
4882
33421
32599
322212
326220
336510
454390
31213
922130
327211
332431
44112
62431
424720
33221
483113
321991
424340
115116
332313
3322
4412
3312
333244
5322
238130
62419
332111
621991
313210
81392
424590
451140
327993
72251
31331
332721
6114
335991
23833
9281
532111
453998
561422
4522
56142
811212
54142
6112
32311
44131
326130
441210
327310
33991
561410
53212
62231
424480
48832
339930
23711
424510
325120
212391
423710
813219
2379
52511
62199
488991
5251
7113
484110
335931
4452
48111
33992
51741
713210
333997
812210
332216
238390
325611
33311
42449
238170
8139
23821
62133
333112
11121
339991
332618
311211
332323
336211
445292
32791
926110
22131
62142
926120
928120
81341
42349
721214
321113
44811
33232
44619
23811
212221
32532
8134
51223
45392
321920
711110
42448
81219
111219
48621
211130
562920
54143
23721
71311
541930
446199
7132
711410
54149
8131
334614
56121
561790
5622
23712
711130
71112
326121
4881
72232
4237
2371
7121
32531
621493
561421
562219
8133
11251
54183
111332
53132
54137
51113
111334
4233
3115
1123
485111
4232
212399
33312
71394
488310
3117
322291
561740
11292
611519
212393
541921
488490
54192
311942
111331
424430
2213
112990
424460
51912
331512
62191
488210
51112
52591
71151
212325
21311
541850
512240
42394
7225
81321
